areaType,areaName,areaCode,date,newCasesBySpecimenDate,cumCasesBySpecimenDate
overview,United Kingdom,K02000001,2021-02-16,2817,4071185
overview,United Kingdom,K02000001,2021-02-15,11865,4068368
overview,United Kingdom,K02000001,2021-02-14,8470,4056503
overview,United Kingdom,K02000001,2021-02-13,8551,4048033
overview,United Kingdom,K02000001,2021-02-12,12119,4039482
overview,United Kingdom,K02000001,2021-02-11,12747,4027363
overview,United Kingdom,K02000001,2021-02-10,13487,4014616
overview,United Kingdom,K02000001,2021-02-09,13796,4001129
overview,United Kingdom,K02000001,2021-02-08,15770,3987333
overview,United Kingdom,K02000001,2021-02-07,11339,3971563
overview,United Kingdom,K02000001,2021-02-06,11907,3960224
overview,United Kingdom,K02000001,2021-02-05,15878,3948317
overview,United Kingdom,K02000001,2021-02-04,17980,3932439
overview,United Kingdom,K02000001,2021-02-03,19430,3914459
overview,United Kingdom,K02000001,2021-02-02,19760,3895029
overview,United Kingdom,K02000001,2021-02-01,22406,3875269
overview,United Kingdom,K02000001,2021-01-31,15433,3852863
overview,United Kingdom,K02000001,2021-01-30,16674,3837430
overview,United Kingdom,K02000001,2021-01-29,21809,3820756
overview,United Kingdom,K02000001,2021-01-28,24098,3798947
overview,United Kingdom,K02000001,2021-01-27,25725,3774849
overview,United Kingdom,K02000001,2021-01-26,27035,3749124
overview,United Kingdom,K02000001,2021-01-25,29986,3722089
overview,United Kingdom,K02000001,2021-01-24,17197,3692103
overview,United Kingdom,K02000001,2021-01-23,21855,3674906
overview,United Kingdom,K02000001,2021-01-22,29604,3653051
overview,United Kingdom,K02000001,2021-01-21,31713,3623447
overview,United Kingdom,K02000001,2021-01-20,35154,3591734
overview,United Kingdom,K02000001,2021-01-19,39535,3556580
overview,United Kingdom,K02000001,2021-01-18,44840,3517045
overview,United Kingdom,K02000001,2021-01-17,28869,3472205
overview,United Kingdom,K02000001,2021-01-16,30547,3443336
overview,United Kingdom,K02000001,2021-01-15,40432,3412789
overview,United Kingdom,K02000001,2021-01-14,42422,3372357
overview,United Kingdom,K02000001,2021-01-13,45439,3329935
overview,United Kingdom,K02000001,2021-01-12,49445,3284496
overview,United Kingdom,K02000001,2021-01-11,57197,3235051
overview,United Kingdom,K02000001,2021-01-10,36358,3177854
overview,United Kingdom,K02000001,2021-01-09,39086,3141496
overview,United Kingdom,K02000001,2021-01-08,47051,3102410
overview,United Kingdom,K02000001,2021-01-07,51972,3055359
overview,United Kingdom,K02000001,2021-01-06,57426,3003387
overview,United Kingdom,K02000001,2021-01-05,65158,2945961
overview,United Kingdom,K02000001,2021-01-04,76175,2880803
overview,United Kingdom,K02000001,2021-01-03,55195,2804628
overview,United Kingdom,K02000001,2021-01-02,60430,2749433
overview,United Kingdom,K02000001,2021-01-01,31844,2689003
overview,United Kingdom,K02000001,2020-12-31,52811,2657159
overview,United Kingdom,K02000001,2020-12-30,70820,2604348
overview,United Kingdom,K02000001,2020-12-29,81549,2533528
overview,United Kingdom,K02000001,2020-12-28,45604,2451979
overview,United Kingdom,K02000001,2020-12-27,47744,2406375
overview,United Kingdom,K02000001,2020-12-26,40360,2358631
overview,United Kingdom,K02000001,2020-12-25,14178,2318271
overview,United Kingdom,K02000001,2020-12-24,31843,2304093
overview,United Kingdom,K02000001,2020-12-23,42276,2272250
overview,United Kingdom,K02000001,2020-12-22,45678,2229974
overview,United Kingdom,K02000001,2020-12-21,47400,2184296
overview,United Kingdom,K02000001,2020-12-20,32472,2136896
overview,United Kingdom,K02000001,2020-12-19,25156,2104424
overview,United Kingdom,K02000001,2020-12-18,35846,2079268
overview,United Kingdom,K02000001,2020-12-17,33884,2043422
overview,United Kingdom,K02000001,2020-12-16,34936,2009538
overview,United Kingdom,K02000001,2020-12-15,33871,1974602
overview,United Kingdom,K02000001,2020-12-14,34730,1940731
overview,United Kingdom,K02000001,2020-12-13,21987,1906001
overview,United Kingdom,K02000001,2020-12-12,19363,1884014
overview,United Kingdom,K02000001,2020-12-11,24090,1864651
overview,United Kingdom,K02000001,2020-12-10,22621,1840561
overview,United Kingdom,K02000001,2020-12-09,21642,1817940
overview,United Kingdom,K02000001,2020-12-08,20804,1796298
overview,United Kingdom,K02000001,2020-12-07,21347,1775494
overview,United Kingdom,K02000001,2020-12-06,13608,1754147
overview,United Kingdom,K02000001,2020-12-05,12776,1740539
overview,United Kingdom,K02000001,2020-12-04,15684,1727763
overview,United Kingdom,K02000001,2020-12-03,15654,1712079
overview,United Kingdom,K02000001,2020-12-02,16451,1696425
overview,United Kingdom,K02000001,2020-12-01,16452,1679974
overview,United Kingdom,K02000001,2020-11-30,18030,1663522
overview,United Kingdom,K02000001,2020-11-29,10692,1645492
overview,United Kingdom,K02000001,2020-11-28,10962,1634800
overview,United Kingdom,K02000001,2020-11-27,14384,1623838
overview,United Kingdom,K02000001,2020-11-26,14569,1609454
overview,United Kingdom,K02000001,2020-11-25,16617,1594885
overview,United Kingdom,K02000001,2020-11-24,16455,1578268
overview,United Kingdom,K02000001,2020-11-23,18772,1561813
overview,United Kingdom,K02000001,2020-11-22,11740,1543041
overview,United Kingdom,K02000001,2020-11-21,12350,1531301
overview,United Kingdom,K02000001,2020-11-20,16862,1518951
overview,United Kingdom,K02000001,2020-11-19,17754,1502089
overview,United Kingdom,K02000001,2020-11-18,20768,1484335
overview,United Kingdom,K02000001,2020-11-17,23183,1463567
overview,United Kingdom,K02000001,2020-11-16,26572,1440384
overview,United Kingdom,K02000001,2020-11-15,16035,1413812
overview,United Kingdom,K02000001,2020-11-14,18001,1397777
overview,United Kingdom,K02000001,2020-11-13,24048,1379776
overview,United Kingdom,K02000001,2020-11-12,24478,1355728
overview,United Kingdom,K02000001,2020-11-11,27368,1331250
overview,United Kingdom,K02000001,2020-11-10,27435,1303882
overview,United Kingdom,K02000001,2020-11-09,31055,1276447
overview,United Kingdom,K02000001,2020-11-08,19963,1245392
overview,United Kingdom,K02000001,2020-11-07,18529,1225429
overview,United Kingdom,K02000001,2020-11-06,23333,1206900
overview,United Kingdom,K02000001,2020-11-05,23746,1183567
overview,United Kingdom,K02000001,2020-11-04,23686,1159821
overview,United Kingdom,K02000001,2020-11-03,25593,1136135
overview,United Kingdom,K02000001,2020-11-02,31511,1110542
overview,United Kingdom,K02000001,2020-11-01,15755,1079031
overview,United Kingdom,K02000001,2020-10-31,16495,1063276
overview,United Kingdom,K02000001,2020-10-30,22686,1046781
overview,United Kingdom,K02000001,2020-10-29,23354,1024095
overview,United Kingdom,K02000001,2020-10-28,23615,1000741
overview,United Kingdom,K02000001,2020-10-27,24110,977126
overview,United Kingdom,K02000001,2020-10-26,26558,953016
overview,United Kingdom,K02000001,2020-10-25,15727,926458
overview,United Kingdom,K02000001,2020-10-24,16240,910731
overview,United Kingdom,K02000001,2020-10-23,21485,894491
overview,United Kingdom,K02000001,2020-10-22,23259,873006
overview,United Kingdom,K02000001,2020-10-21,25466,849747
overview,United Kingdom,K02000001,2020-10-20,25325,824281
overview,United Kingdom,K02000001,2020-10-19,25630,798956
overview,United Kingdom,K02000001,2020-10-18,14192,773326
overview,United Kingdom,K02000001,2020-10-17,14773,759134
overview,United Kingdom,K02000001,2020-10-16,17735,744361
overview,United Kingdom,K02000001,2020-10-15,18440,726626
overview,United Kingdom,K02000001,2020-10-14,19709,708186
overview,United Kingdom,K02000001,2020-10-13,18910,688477
overview,United Kingdom,K02000001,2020-10-12,19454,669567
overview,United Kingdom,K02000001,2020-10-11,12078,650113
overview,United Kingdom,K02000001,2020-10-10,12517,638035
overview,United Kingdom,K02000001,2020-10-09,15733,625518
overview,United Kingdom,K02000001,2020-10-08,18252,609785
overview,United Kingdom,K02000001,2020-10-07,18336,591533
overview,United Kingdom,K02000001,2020-10-06,17064,573197
overview,United Kingdom,K02000001,2020-10-05,16552,556133
overview,United Kingdom,K02000001,2020-10-04,11804,539581
overview,United Kingdom,K02000001,2020-10-03,11551,527777
overview,United Kingdom,K02000001,2020-10-02,13694,516226
overview,United Kingdom,K02000001,2020-10-01,13192,502532
overview,United Kingdom,K02000001,2020-09-30,12557,489340
overview,United Kingdom,K02000001,2020-09-29,10239,476783
overview,United Kingdom,K02000001,2020-09-28,9929,466544
overview,United Kingdom,K02000001,2020-09-27,6974,456615
overview,United Kingdom,K02000001,2020-09-26,6761,449641
overview,United Kingdom,K02000001,2020-09-25,7253,442880
overview,United Kingdom,K02000001,2020-09-24,7606,435627
overview,United Kingdom,K02000001,2020-09-23,7063,428021
overview,United Kingdom,K02000001,2020-09-22,6409,420958
overview,United Kingdom,K02000001,2020-09-21,5604,414549
overview,United Kingdom,K02000001,2020-09-20,5324,408945
overview,United Kingdom,K02000001,2020-09-19,4856,403621
overview,United Kingdom,K02000001,2020-09-18,4957,398765
overview,United Kingdom,K02000001,2020-09-17,4636,393808
overview,United Kingdom,K02000001,2020-09-16,4372,389172
overview,United Kingdom,K02000001,2020-09-15,3553,384800
overview,United Kingdom,K02000001,2020-09-14,3395,381247
overview,United Kingdom,K02000001,2020-09-13,2145,377852
overview,United Kingdom,K02000001,2020-09-12,2674,375707
overview,United Kingdom,K02000001,2020-09-11,3289,373033
overview,United Kingdom,K02000001,2020-09-10,3598,369744
overview,United Kingdom,K02000001,2020-09-09,3331,366146
overview,United Kingdom,K02000001,2020-09-08,3306,362815
overview,United Kingdom,K02000001,2020-09-07,3862,359509
overview,United Kingdom,K02000001,2020-09-06,2450,355647
overview,United Kingdom,K02000001,2020-09-05,2545,353197
overview,United Kingdom,K02000001,2020-09-04,3039,350652
overview,United Kingdom,K02000001,2020-09-03,3099,347613
overview,United Kingdom,K02000001,2020-09-02,2995,344514
overview,United Kingdom,K02000001,2020-09-01,2248,341519
overview,United Kingdom,K02000001,2020-08-31,1500,339271
overview,United Kingdom,K02000001,2020-08-30,1160,337771
overview,United Kingdom,K02000001,2020-08-29,1222,336611
overview,United Kingdom,K02000001,2020-08-28,1625,335389
overview,United Kingdom,K02000001,2020-08-27,1550,333764
overview,United Kingdom,K02000001,2020-08-26,1350,332214
overview,United Kingdom,K02000001,2020-08-25,1247,330864
overview,United Kingdom,K02000001,2020-08-24,1272,329617
overview,United Kingdom,K02000001,2020-08-23,823,328345
overview,United Kingdom,K02000001,2020-08-22,827,327522
overview,United Kingdom,K02000001,2020-08-21,1199,326695
overview,United Kingdom,K02000001,2020-08-20,1463,325496
overview,United Kingdom,K02000001,2020-08-19,1240,324033
overview,United Kingdom,K02000001,2020-08-18,1084,322793
overview,United Kingdom,K02000001,2020-08-17,1284,321709
overview,United Kingdom,K02000001,2020-08-16,599,320425
overview,United Kingdom,K02000001,2020-08-15,695,319826
overview,United Kingdom,K02000001,2020-08-14,1160,319131
overview,United Kingdom,K02000001,2020-08-13,1145,317971
overview,United Kingdom,K02000001,2020-08-12,1206,316826
overview,United Kingdom,K02000001,2020-08-11,1339,315620
overview,United Kingdom,K02000001,2020-08-10,1473,314281
overview,United Kingdom,K02000001,2020-08-09,616,312808
overview,United Kingdom,K02000001,2020-08-08,695,312192
overview,United Kingdom,K02000001,2020-08-07,944,311497
overview,United Kingdom,K02000001,2020-08-06,1082,310553
overview,United Kingdom,K02000001,2020-08-05,1059,309471
overview,United Kingdom,K02000001,2020-08-04,1017,308412
overview,United Kingdom,K02000001,2020-08-03,1040,307395
overview,United Kingdom,K02000001,2020-08-02,555,306355
overview,United Kingdom,K02000001,2020-08-01,542,305800
overview,United Kingdom,K02000001,2020-07-31,674,305258
overview,United Kingdom,K02000001,2020-07-30,922,304584
overview,United Kingdom,K02000001,2020-07-29,1038,303662
overview,United Kingdom,K02000001,2020-07-28,843,302624
overview,United Kingdom,K02000001,2020-07-27,858,301781
overview,United Kingdom,K02000001,2020-07-26,558,300923
overview,United Kingdom,K02000001,2020-07-25,522,300365
overview,United Kingdom,K02000001,2020-07-24,767,299843
overview,United Kingdom,K02000001,2020-07-23,799,299076
overview,United Kingdom,K02000001,2020-07-22,798,298277
overview,United Kingdom,K02000001,2020-07-21,782,297479
overview,United Kingdom,K02000001,2020-07-20,813,296697
overview,United Kingdom,K02000001,2020-07-19,443,295884
overview,United Kingdom,K02000001,2020-07-18,498,295441
overview,United Kingdom,K02000001,2020-07-17,580,294943
overview,United Kingdom,K02000001,2020-07-16,705,294363
overview,United Kingdom,K02000001,2020-07-15,774,293658
overview,United Kingdom,K02000001,2020-07-14,692,292884
overview,United Kingdom,K02000001,2020-07-13,732,292192
overview,United Kingdom,K02000001,2020-07-12,368,291460
overview,United Kingdom,K02000001,2020-07-11,446,291092
overview,United Kingdom,K02000001,2020-07-10,564,290646
overview,United Kingdom,K02000001,2020-07-09,714,290082
overview,United Kingdom,K02000001,2020-07-08,703,289368
overview,United Kingdom,K02000001,2020-07-07,603,288665
overview,United Kingdom,K02000001,2020-07-06,707,288062
overview,United Kingdom,K02000001,2020-07-05,555,287355
overview,United Kingdom,K02000001,2020-07-04,397,286800
overview,United Kingdom,K02000001,2020-07-03,568,286403
overview,United Kingdom,K02000001,2020-07-02,603,285835
overview,United Kingdom,K02000001,2020-07-01,647,285232
overview,United Kingdom,K02000001,2020-06-30,615,284585
overview,United Kingdom,K02000001,2020-06-29,727,283970
overview,United Kingdom,K02000001,2020-06-28,447,283243
overview,United Kingdom,K02000001,2020-06-27,651,282796
overview,United Kingdom,K02000001,2020-06-26,672,282145
overview,United Kingdom,K02000001,2020-06-25,722,281473
overview,United Kingdom,K02000001,2020-06-24,778,280751
overview,United Kingdom,K02000001,2020-06-23,890,279973
overview,United Kingdom,K02000001,2020-06-22,893,279083
overview,United Kingdom,K02000001,2020-06-21,638,278190
overview,United Kingdom,K02000001,2020-06-20,684,277552
overview,United Kingdom,K02000001,2020-06-19,986,276868
overview,United Kingdom,K02000001,2020-06-18,1028,275882
overview,United Kingdom,K02000001,2020-06-17,1013,274854
overview,United Kingdom,K02000001,2020-06-16,1103,273841
overview,United Kingdom,K02000001,2020-06-15,1047,272738
overview,United Kingdom,K02000001,2020-06-14,820,271691
overview,United Kingdom,K02000001,2020-06-13,887,270871
overview,United Kingdom,K02000001,2020-06-12,1053,269984
overview,United Kingdom,K02000001,2020-06-11,1014,268931
overview,United Kingdom,K02000001,2020-06-10,1191,267917
overview,United Kingdom,K02000001,2020-06-09,1158,266726
overview,United Kingdom,K02000001,2020-06-08,1093,265568
overview,United Kingdom,K02000001,2020-06-07,719,264475
overview,United Kingdom,K02000001,2020-06-06,805,263756
overview,United Kingdom,K02000001,2020-06-05,1120,262951
overview,United Kingdom,K02000001,2020-06-04,1252,261831
overview,United Kingdom,K02000001,2020-06-03,1361,260579
overview,United Kingdom,K02000001,2020-06-02,1491,259218
overview,United Kingdom,K02000001,2020-06-01,1441,257727
overview,United Kingdom,K02000001,2020-05-31,1083,256286
overview,United Kingdom,K02000001,2020-05-30,1122,255203
overview,United Kingdom,K02000001,2020-05-29,1526,254081
overview,United Kingdom,K02000001,2020-05-28,1758,252555
overview,United Kingdom,K02000001,2020-05-27,1830,250797
overview,United Kingdom,K02000001,2020-05-26,1661,248967
overview,United Kingdom,K02000001,2020-05-25,1623,247306
overview,United Kingdom,K02000001,2020-05-24,1364,245683
overview,United Kingdom,K02000001,2020-05-23,1528,244319
overview,United Kingdom,K02000001,2020-05-22,2057,242791
overview,United Kingdom,K02000001,2020-05-21,2575,240734
overview,United Kingdom,K02000001,2020-05-20,2706,238159
overview,United Kingdom,K02000001,2020-05-19,3056,235453
overview,United Kingdom,K02000001,2020-05-18,2586,232397
overview,United Kingdom,K02000001,2020-05-17,1834,229811
overview,United Kingdom,K02000001,2020-05-16,2081,227977
overview,United Kingdom,K02000001,2020-05-15,2531,225896
overview,United Kingdom,K02000001,2020-05-14,2630,223365
overview,United Kingdom,K02000001,2020-05-13,3310,220735
overview,United Kingdom,K02000001,2020-05-12,3398,217425
overview,United Kingdom,K02000001,2020-05-11,3576,214027
overview,United Kingdom,K02000001,2020-05-10,2323,210451
overview,United Kingdom,K02000001,2020-05-09,2163,208128
overview,United Kingdom,K02000001,2020-05-08,3058,205965
overview,United Kingdom,K02000001,2020-05-07,3767,202907
overview,United Kingdom,K02000001,2020-05-06,3822,199140
overview,United Kingdom,K02000001,2020-05-05,3674,195318
overview,United Kingdom,K02000001,2020-05-04,3387,191644
overview,United Kingdom,K02000001,2020-05-03,2982,188257
overview,United Kingdom,K02000001,2020-05-02,3228,185275
overview,United Kingdom,K02000001,2020-05-01,4734,182047
overview,United Kingdom,K02000001,2020-04-30,4961,177313
overview,United Kingdom,K02000001,2020-04-29,5427,172352
overview,United Kingdom,K02000001,2020-04-28,4725,166925
overview,United Kingdom,K02000001,2020-04-27,4700,162200
overview,United Kingdom,K02000001,2020-04-26,3472,157500
overview,United Kingdom,K02000001,2020-04-25,3746,154028
overview,United Kingdom,K02000001,2020-04-24,4950,150282
overview,United Kingdom,K02000001,2020-04-23,5149,145332
overview,United Kingdom,K02000001,2020-04-22,5495,140183
overview,United Kingdom,K02000001,2020-04-21,4764,134688
overview,United Kingdom,K02000001,2020-04-20,4853,129924
overview,United Kingdom,K02000001,2020-04-19,3856,125071
overview,United Kingdom,K02000001,2020-04-18,4709,121215
overview,United Kingdom,K02000001,2020-04-17,4937,116506
overview,United Kingdom,K02000001,2020-04-16,5271,111569
overview,United Kingdom,K02000001,2020-04-15,5046,106298
overview,United Kingdom,K02000001,2020-04-14,4304,101252
overview,United Kingdom,K02000001,2020-04-13,4169,96948
overview,United Kingdom,K02000001,2020-04-12,3481,92779
overview,United Kingdom,K02000001,2020-04-11,3563,89298
overview,United Kingdom,K02000001,2020-04-10,4314,85735
overview,United Kingdom,K02000001,2020-04-09,4859,81421
overview,United Kingdom,K02000001,2020-04-08,5121,76562
overview,United Kingdom,K02000001,2020-04-07,5440,71441
overview,United Kingdom,K02000001,2020-04-06,5275,66001
overview,United Kingdom,K02000001,2020-04-05,3586,60726
overview,United Kingdom,K02000001,2020-04-04,4005,57140
overview,United Kingdom,K02000001,2020-04-03,4883,53135
overview,United Kingdom,K02000001,2020-04-02,4864,48252
overview,United Kingdom,K02000001,2020-04-01,4943,43388
overview,United Kingdom,K02000001,2020-03-31,4512,38445
overview,United Kingdom,K02000001,2020-03-30,4264,33933
overview,United Kingdom,K02000001,2020-03-29,2857,29669
overview,United Kingdom,K02000001,2020-03-28,2817,26812
overview,United Kingdom,K02000001,2020-03-27,3187,23995
overview,United Kingdom,K02000001,2020-03-26,3090,20808
overview,United Kingdom,K02000001,2020-03-25,2697,17718
overview,United Kingdom,K02000001,2020-03-24,2379,15021
overview,United Kingdom,K02000001,2020-03-23,2328,12642
overview,United Kingdom,K02000001,2020-03-22,1375,10314
overview,United Kingdom,K02000001,2020-03-21,1194,8939
overview,United Kingdom,K02000001,2020-03-20,1253,7745
overview,United Kingdom,K02000001,2020-03-19,1052,6492
overview,United Kingdom,K02000001,2020-03-18,997,5440
overview,United Kingdom,K02000001,2020-03-17,769,4443
overview,United Kingdom,K02000001,2020-03-16,612,3674
overview,United Kingdom,K02000001,2020-03-15,442,3062
overview,United Kingdom,K02000001,2020-03-14,363,2620
overview,United Kingdom,K02000001,2020-03-13,479,2257
overview,United Kingdom,K02000001,2020-03-12,481,1778
overview,United Kingdom,K02000001,2020-03-11,405,1297
overview,United Kingdom,K02000001,2020-03-10,265,892
overview,United Kingdom,K02000001,2020-03-09,147,627
overview,United Kingdom,K02000001,2020-03-08,57,480
overview,United Kingdom,K02000001,2020-03-07,68,423
overview,United Kingdom,K02000001,2020-03-06,81,355
overview,United Kingdom,K02000001,2020-03-05,50,274
overview,United Kingdom,K02000001,2020-03-04,56,224
overview,United Kingdom,K02000001,2020-03-03,57,168
overview,United Kingdom,K02000001,2020-03-02,39,111
overview,United Kingdom,K02000001,2020-03-01,22,72
overview,United Kingdom,K02000001,2020-02-29,5,50
overview,United Kingdom,K02000001,2020-02-28,12,45
overview,United Kingdom,K02000001,2020-02-27,8,31
overview,United Kingdom,K02000001,2020-02-26,4,23
overview,United Kingdom,K02000001,2020-02-25,5,19
overview,United Kingdom,K02000001,2020-02-24,2,14
overview,United Kingdom,K02000001,2020-02-23,1,12
overview,United Kingdom,K02000001,2020-02-22,0,11
overview,United Kingdom,K02000001,2020-02-21,1,11
overview,United Kingdom,K02000001,2020-02-20,0,10
overview,United Kingdom,K02000001,2020-02-19,0,10
overview,United Kingdom,K02000001,2020-02-18,0,10
overview,United Kingdom,K02000001,2020-02-17,0,10
overview,United Kingdom,K02000001,2020-02-16,0,10
overview,United Kingdom,K02000001,2020-02-15,0,10
overview,United Kingdom,K02000001,2020-02-14,1,10
overview,United Kingdom,K02000001,2020-02-13,0,9
overview,United Kingdom,K02000001,2020-02-12,0,9
overview,United Kingdom,K02000001,2020-02-11,1,9
overview,United Kingdom,K02000001,2020-02-10,0,8
overview,United Kingdom,K02000001,2020-02-09,1,8
overview,United Kingdom,K02000001,2020-02-08,4,7
overview,United Kingdom,K02000001,2020-02-07,0,3
overview,United Kingdom,K02000001,2020-02-06,0,3
overview,United Kingdom,K02000001,2020-02-05,1,3
overview,United Kingdom,K02000001,2020-02-04,0,2
overview,United Kingdom,K02000001,2020-02-03,0,2
overview,United Kingdom,K02000001,2020-02-02,0,2
overview,United Kingdom,K02000001,2020-02-01,0,2
overview,United Kingdom,K02000001,2020-01-31,0,2
overview,United Kingdom,K02000001,2020-01-30,2,2
